глубина  0: 1
глубина  1: 1
глубина  2: 1
глубина  3: 1
глубина  4: 1
глубина  5: 1
глубина  6: 1
глубина  7: 1
глубина  8: 1
глубина  9: 1
глубина 10: 1
глубина 11: 1
глубина 12: 1
глубина 13: 1
глубина 14: 1
глубина 15: 2
    nip(7,8)F plug(8,4) tee(8,3) | тело 7,3 6,3 6,4 6,5 7,5
    nip(7,8)F plug(8,4) tee(8,3) | тело 7,3 6,3 6,4 6,5 7,5 8,5
глубина 16: 1
глубина 17: 2
    nip(7,8)F plug(8,4) tee(10,3) | тело 9,3 8,3 7,3 6,3 6,4 6,5
    nip(7,8)F plug(8,5) tee(9,3) | тело 8,4 8,3 7,3 6,3 6,4 6,5
глубина 18: 2
    nip(7,8)F plug(8,4) tee(11,7)F | тело 10,3 9,3 8,3 7,3 6,3 6,4
    nip(7,8)F plug(8,6)F tee(9,3) | тело 8,5 8,4 8,3 7,3 6,3 6,4
глубина 19: 6
    nip(7,8)F plug(8,4) tee(11,7)F | тело 9,3 8,3 7,3 6,3 6,4
    nip(7,8)F plug(8,4) tee(11,7)F | тело 9,3 8,3 7,3 6,3 6,4 7,4
    nip(7,8)F plug(8,4) tee(11,7)F | тело 9,3 8,3 7,3 6,3 6,4 6,5
    nip(7,8)F plug(8,6)F tee(9,3) | тело 8,5 8,4 8,3 7,3 6,3
    nip(7,8)F plug(8,6)F tee(9,3) | тело 8,4 8,3 7,3 6,3 6,4 7,4
    nip(7,8)F plug(8,6)F tee(9,3) | тело 8,4 8,3 7,3 6,3 6,4 6,5
глубина 20: 12
    nip(7,8)F plug(8,4) tee(11,7)F | тело 8,3 7,3 6,3 6,4
    nip(7,8)F plug(8,4) tee(11,7)F | тело 8,3 7,3 6,3 6,4 7,4
    nip(7,8)F plug(8,4) tee(11,7)F | тело 8,3 7,3 6,3 6,4 7,4 7,5
    nip(7,8)F plug(8,4) tee(11,7)F | тело 8,3 7,3 6,3 6,4 6,5
    nip(7,8)F plug(8,4) tee(11,7)F | тело 8,3 7,3 6,3 6,4 6,5 7,5
    nip(7,8)F plug(8,4) tee(11,7)F | тело 8,3 7,3 6,3 6,4 6,5 5,5
    nip(7,8)F plug(8,6)F tee(9,3) | тело 8,5 8,4 8,3 7,3
    nip(7,8)F plug(8,6)F tee(9,3) | тело 8,3 7,3 6,3 6,4 7,4
    nip(7,8)F plug(8,6)F tee(9,3) | тело 8,3 7,3 6,3 6,4 7,4 7,5
    nip(7,8)F plug(8,6)F tee(9,3) | тело 8,3 7,3 6,3 6,4 6,5
    nip(7,8)F plug(8,6)F tee(9,3) | тело 8,3 7,3 6,3 6,4 6,5 7,5
    nip(7,8)F plug(8,6)F tee(9,3) | тело 8,3 7,3 6,3 6,4 6,5 5,5
глубина 21: 6
    nip(7,8)F plug(8,5) tee(11,7)F | тело 8,4 8,3 7,3 6,3 6,4
    nip(7,8)F plug(8,5) tee(11,7)F | тело 8,4 8,3 7,3 6,3 6,4 7,4
    nip(7,8)F plug(8,5) tee(11,7)F | тело 8,4 8,3 7,3 6,3 6,4 6,5
    nip(7,8)F plug(8,6)F tee(9,3) | тело 8,5 8,4 8,3 7,3 7,4
    nip(7,8)F plug(8,6)F tee(10,3) | тело 9,3 8,3 7,3 6,3 6,4 7,4
    nip(7,8)F plug(8,6)F tee(10,3) | тело 9,3 8,3 7,3 6,3 6,4 6,5
глубина 22: 3
    nip(7,8)F plug(8,6)F tee(11,7)F | тело 8,5 8,4 8,3 7,3 6,3 6,4
    nip(7,8)F plug(8,6)F tee(9,3) | тело 8,5 8,4 8,3 7,3 7,4 7,5
    nip(7,8)F plug(8,6)F tee(11,7)F | тело 10,3 9,3 8,3 7,3 6,3 6,4
глубина 23: 5
    nip(7,8)F plug(8,6)F tee(11,7)F | тело 8,4 8,3 7,3 6,3 6,4 7,4
    nip(7,8)F plug(8,6)F tee(11,7)F | тело 8,4 8,3 7,3 6,3 6,4 6,5
    nip(7,8)F plug(8,6)F tee(9,3) | тело 8,4 8,3 7,3 7,4 7,5 7,6
    nip(7,8)F plug(8,6)F tee(11,7)F | тело 9,3 8,3 7,3 6,3 6,4 7,4
    nip(7,8)F plug(8,6)F tee(11,7)F | тело 9,3 8,3 7,3 6,3 6,4 6,5
глубина 24: 3
    nip(7,8)F plug(8,6)F tee(11,7)F | тело 8,3 7,3 6,3 6,4 7,4 7,5
    nip(7,8)F plug(8,6)F tee(11,7)F | тело 8,3 7,3 6,3 6,4 6,5 7,5
    nip(7,8)F plug(8,6)F tee(11,7)F | тело 8,3 7,3 7,4 7,5 7,6
глубина 25: 3
    nip(7,8)F plug(8,6)F tee(11,7)F | тело 7,3 6,3 6,4 7,4 7,5 7,6
    nip(7,8)F plug(8,6)F tee(11,7)F | тело 7,3 6,3 6,4 6,5 7,5 7,6
    nip(7,8)F plug(8,6)F tee(11,7)F | тело 7,3 7,4 7,5 7,6
глубина 26: 3
    nip(7,8)F plug(8,6)F tee(11,7)F | тело 6,3 6,4 7,4 7,5 7,6
    nip(7,8)F plug(8,6)F tee(11,7)F | тело 6,3 6,4 6,5 7,5 7,6
    nip(7,8)F plug(8,6)F tee(11,7)F | тело 6,3 7,3 7,4 7,5 7,6
глубина 27: 3
    nip(7,8)F plug(8,6)F tee(11,7)F | тело 5,3 6,3 6,4 7,4 7,5 7,6
    nip(7,8)F plug(8,6)F tee(11,7)F | тело 5,3 6,3 6,4 6,5 7,5 7,6
    nip(7,8)F plug(8,6)F tee(11,7)F | тело 5,3 6,3 7,3 7,4 7,5 7,6
