фаза | состояний кратчайших | ходов всего | в живое | в скрытое | в видимое
   0  1    3    3   0   0
   1  1    7    7   0   0
   2  1    8    8   0   0
   3  1    6    6   0   0
   4  1    7    5   1   1
   5  2   12   12   0   0
   6  1    4    4   0   0
   7  1    6    4   1   1
   8  1    5    5   0   0
   9  1    4    4   0   0
  10  1    5    5   0   0
  11  1    4    4   0   0
  12  1    6    6   0   0
  13  1    6    6   0   0
  14  1    3    3   0   0
  15  1    6    6   0   0
  16  1    7    7   0   0
  17  1    4    4   0   0
  18  1    4    4   0   0
  19  1    7    7   0   0
  20  1    6    6   0   0
  21  1    4    4   0   0
  22  1    6    6   0   0
итого по кратчайшим: ходов 130, в проигрыш 4 (3.1 %), из них скрытых 2
все живые: состояний 4560, ходов 24031 (5.27 на состояние), в проигрыш 169 (0.70 %: скрытых 100, видимых 69); живых с хотя бы одной дверью 141 (3.1 %)
ошибка подсказки №1 (угольник в столб/дыру до ниппеля): класс | входов | удаление от кратчайших | мин. ход | глубина
  угольник (9,4), СКРЫТ вх   8 уд  3 ход≥ 8 гл 47
